   5.0000000e-02  -1.1071624e-03  -7.2638173e-02  -8.9784854e-04   1.0677276e-04   4.6925227e-09   4.7128930e-06   4.6925227e-09   1.0001336e-04   7.1033350e-10   4.7128930e-06   7.1033350e-10   1.0372453e-04
   1.0000000e-01   3.3409247e-03  -7.2638157e-02   3.3527760e-03   1.1354563e-04   5.0597662e-09   5.6649033e-06   5.0597662e-09   1.0001336e-04   8.0745182e-10   5.6649033e-06   8.0745182e-10   1.0388668e-04
   1.5000000e-01   7.0642872e-03  -7.2637829e-02   8.4088261e-03   1.1879510e-04   2.0353254e-08   2.6280472e-06   2.0353254e-08   1.0001338e-04   4.9927784e-09   2.6280472e-06   4.9927784e-09   1.0647270e-04
   2.0000000e-01   2.6683140e-02  -7.2636925e-02   2.1473477e-02   1.5371816e-04   7.4850010e-08   2.2011463e-05   7.4850010e-08   1.0001344e-04   1.5528132e-08   2.2011463e-05   1.5528132e-08   1.1649468e-04
   2.5000000e-01   5.3168851e-02  -7.2636947e-02   3.3941635e-02   1.4175485e-04   8.0154047e-08   1.2051149e-05   8.0154047e-08   1.0001345e-04   1.6176244e-08   1.2051149e-05   1.6176244e-08   1.1065914e-04
   3.0000000e-01   8.0027270e-02  -7.2636123e-02   4.6759963e-02   1.5340642e-04   1.0868416e-07   1.8117153e-05   1.0868416e-07   1.0001345e-04   2.1810612e-08   1.8117153e-05   2.1810612e-08   1.1617758e-04
   3.5000000e-01   1.1292208e-01  -7.2633241e-02   5.0196505e-02   1.6916422e-04   1.9132382e-07  -5.1568577e-06   1.9132382e-07   1.0001344e-04   1.2747872e-08  -5.1568577e-06   1.2747872e-08   1.1483519e-04
   4.0000000e-01   1.4266032e-01  -7.2633347e-02   4.5983143e-02   1.7549302e-04   2.1435332e-07  -6.2126144e-07   2.1435332e-07   1.0001344e-04   1.5518110e-08  -6.2126144e-07   1.5518110e-08   1.1202951e-04
   4.5000000e-01   1.6862322e-01  -7.2631276e-02   3.5675667e-02   1.5983114e-04   2.6591208e-07  -6.0337263e-06   2.6591208e-07   1.0001345e-04   7.1685179e-09  -6.0337263e-06   7.1685179e-09   1.1597844e-04
   5.0000000e-01   1.8414882e-01  -7.2630622e-02   2.1792110e-02   1.6463962e-04   2.7924158e-07  -9.3704722e-06   2.7924158e-07   1.0001345e-04   1.0029359e-08  -9.3704722e-06   1.0029359e-08   1.1183232e-04
   5.5000000e-01   1.9807624e-01  -7.2630869e-02   8.4682681e-03   1.5846662e-04   3.0479523e-07  -3.1430139e-06   3.0479523e-07   1.0001351e-04   6.1633931e-09  -3.1430139e-06   6.1633931e-09   1.0643315e-04
   6.0000000e-01   2.0038505e-01  -7.2631432e-02   3.1811459e-03   1.6125916e-04   3.2483584e-07  -4.0238616e-06   3.2483584e-07   1.0001356e-04   2.2460965e-09  -4.0238616e-06   2.2460965e-09   1.0438259e-04
   6.5000000e-01   2.0255911e-01  -7.2631818e-02  -8.0164624e-04   1.5724129e-04   3.2571917e-07  -2.2906089e-06   3.2571917e-07   1.0001356e-04   2.1527865e-09  -2.2906089e-06   2.1527865e-09   1.0362494e-04
